#FILENAME ZENITH_ANGLE [DEG] ANG_ALPHA ANG_BETA PWV [mm] PRESSURE [hPa] O3 [DU] ALTITUDE [km]
MKatmo_0.atmo 0.0 0.0 0.0075 0 616 260 4.2
MKatmo_1.atmo 30.0 0.0 0.0075 0 616 260 4.2
MKatmo_2.atmo 60.0 0.0 0.0075 0 616 260 4.2
MKatmo_3.atmo 70.0 0.0 0.0075 0 616 260 4.2
MKatmo_4.atmo 0.0 1.0 0.0075 0 616 260 4.2
MKatmo_5.atmo 30.0 1.0 0.0075 0 616 260 4.2
MKatmo_6.atmo 60.0 1.0 0.0075 0 616 260 4.2
MKatmo_7.atmo 70.0 1.0 0.0075 0 616 260 4.2
MKatmo_8.atmo 0.0 2.5 0.0075 0 616 260 4.2
MKatmo_9.atmo 30.0 2.5 0.0075 0 616 260 4.2
MKatmo_10.atmo 60.0 2.5 0.0075 0 616 260 4.2
MKatmo_11.atmo 70.0 2.5 0.0075 0 616 260 4.2
MKatmo_12.atmo 0.0 0.0 0.0075 1 616 260 4.2
MKatmo_13.atmo 30.0 0.0 0.0075 1 616 260 4.2
MKatmo_14.atmo 60.0 0.0 0.0075 1 616 260 4.2
MKatmo_15.atmo 70.0 0.0 0.0075 1 616 260 4.2
MKatmo_16.atmo 0.0 1.0 0.0075 1 616 260 4.2
MKatmo_17.atmo 30.0 1.0 0.0075 1 616 260 4.2
MKatmo_18.atmo 60.0 1.0 0.0075 1 616 260 4.2
MKatmo_19.atmo 70.0 1.0 0.0075 1 616 260 4.2
MKatmo_20.atmo 0.0 2.5 0.0075 1 616 260 4.2
MKatmo_21.atmo 30.0 2.5 0.0075 1 616 260 4.2
MKatmo_22.atmo 60.0 2.5 0.0075 1 616 260 4.2
MKatmo_23.atmo 70.0 2.5 0.0075 1 616 260 4.2
MKatmo_24.atmo 0.0 0.0 0.0075 2 616 260 4.2
MKatmo_25.atmo 30.0 0.0 0.0075 2 616 260 4.2
MKatmo_26.atmo 60.0 0.0 0.0075 2 616 260 4.2
MKatmo_27.atmo 70.0 0.0 0.0075 2 616 260 4.2
MKatmo_28.atmo 0.0 1.0 0.0075 2 616 260 4.2
MKatmo_29.atmo 30.0 1.0 0.0075 2 616 260 4.2
MKatmo_30.atmo 60.0 1.0 0.0075 2 616 260 4.2
MKatmo_31.atmo 70.0 1.0 0.0075 2 616 260 4.2
MKatmo_32.atmo 0.0 2.5 0.0075 2 616 260 4.2
MKatmo_33.atmo 30.0 2.5 0.0075 2 616 260 4.2
MKatmo_34.atmo 60.0 2.5 0.0075 2 616 260 4.2
MKatmo_35.atmo 70.0 2.5 0.0075 2 616 260 4.2
MKatmo_36.atmo 0.0 0.0 0.0075 3 616 260 4.2
MKatmo_37.atmo 30.0 0.0 0.0075 3 616 260 4.2
MKatmo_38.atmo 60.0 0.0 0.0075 3 616 260 4.2
MKatmo_39.atmo 70.0 0.0 0.0075 3 616 260 4.2
MKatmo_40.atmo 0.0 1.0 0.0075 3 616 260 4.2
MKatmo_41.atmo 30.0 1.0 0.0075 3 616 260 4.2
MKatmo_42.atmo 60.0 1.0 0.0075 3 616 260 4.2
MKatmo_43.atmo 70.0 1.0 0.0075 3 616 260 4.2
MKatmo_44.atmo 0.0 2.5 0.0075 3 616 260 4.2
MKatmo_45.atmo 30.0 2.5 0.0075 3 616 260 4.2
MKatmo_46.atmo 60.0 2.5 0.0075 3 616 260 4.2
MKatmo_47.atmo 70.0 2.5 0.0075 3 616 260 4.2
