Executing C:\Users\rhb\Documents\ZEMAX\MACROS\SPECTRO_CENTROIDS_INTENSITY_WEIGHTED.ZPL.
                          Chief Ray             Centroid
Fiber   Lambda (?)    Pixel X   Pixel Y    Pixel X   Pixel Y        RMS
-----   ----------   --------  --------   --------  --------   --------
00000         6500   -29.9108    0.0000   -29.9085    0.0000    0.00534
00000         6675   -26.9625    0.0000   -26.9596    0.0000    0.00559
00000         6850   -24.0232    0.0000   -24.0199    0.0000    0.00564
00000         7025   -21.0921    0.0000   -21.0888    0.0000    0.00558
00000         7200   -18.1678    0.0000   -18.1648    0.0000    0.00550
00000         7375   -15.2481    0.0000   -15.2458    0.0000    0.00534
00000         7550   -12.3302    0.0000   -12.3287    0.0000    0.00493
00000         7725    -9.4119    0.0000    -9.4111    0.0000    0.00439
00000         7900    -6.4908    0.0000    -6.4905    0.0000    0.00440
00000         8075    -3.5653    0.0000    -3.5654    0.0000    0.00508
00000         8250    -0.6341    0.0000    -0.6345    0.0000    0.00565
00000         8425     2.3036    0.0000     2.3030    0.0000    0.00551
00000         8600     5.2487    0.0000     5.2477    0.0000    0.00469
00000         8775     8.2023    0.0000     8.2008    0.0000    0.00371
00000         8950    11.1661    0.0000    11.1638    0.0000    0.00322
00000         9125    14.1422    0.0000    14.1391    0.0000    0.00345
00000         9300    17.1333    0.0000    17.1293    0.0000    0.00421
00000         9475    20.1424    0.0000    20.1378    0.0000    0.00520
00000         9650    23.1722    0.0000    23.1674    0.0000    0.00593
00000         9825    26.2249    0.0000    26.2203    0.0000    0.00610
00000        10000    29.3017    0.0000    29.2975    0.0000    0.00594
00033         6500   -29.9061   -3.3797   -29.9039   -3.3798    0.00530
00033         6675   -26.9575   -3.3735   -26.9547   -3.3735    0.00555
00033         6850   -24.0178   -3.3679   -24.0145   -3.3678    0.00561
00033         7025   -21.0862   -3.3631   -21.0829   -3.3628    0.00555
00033         7200   -18.1614   -3.3591   -18.1584   -3.3589    0.00545
00033         7375   -15.2412   -3.3560   -15.2388   -3.3558    0.00531
00033         7550   -12.3229   -3.3538   -12.3213   -3.3536    0.00494
00033         7725    -9.4042   -3.3523    -9.4033   -3.3522    0.00441
00033         7900    -6.4828   -3.3514    -6.4824   -3.3514    0.00426
00033         8075    -3.5570   -3.3509    -3.5571   -3.3510    0.00472
00033         8250    -0.6256   -3.3508    -0.6260   -3.3509    0.00517
00033         8425     2.3123   -3.3510     2.3116   -3.3510    0.00503
00033         8600     5.2576   -3.3515     5.2566   -3.3515    0.00433
00033         8775     8.2115   -3.3524     8.2100   -3.3524    0.00353
00033         8950    11.1757   -3.3539    11.1734   -3.3538    0.00320
00033         9125    14.1523   -3.3561    14.1491   -3.3559    0.00349
00033         9300    17.1440   -3.3592    17.1400   -3.3589    0.00427
00033         9475    20.1537   -3.3632    20.1491   -3.3630    0.00525
00033         9650    23.1841   -3.3682    23.1793   -3.3680    0.00593
00033         9825    26.2373   -3.3741    26.2327   -3.3740    0.00606
00033        10000    29.3146   -3.3807    29.3104   -3.3807    0.00590
00067         6500   -29.8920   -6.7619   -29.8899   -6.7622    0.00516
00067         6675   -26.9425   -6.7495   -26.9398   -6.7496    0.00545
00067         6850   -24.0016   -6.7383   -23.9985   -6.7381    0.00552
00067         7025   -21.0687   -6.7286   -21.0655   -6.7282    0.00546
00067         7200   -18.1424   -6.7205   -18.1394   -6.7200    0.00534
00067         7375   -15.2206   -6.7142   -15.2182   -6.7137    0.00521
00067         7550   -12.3010   -6.7095   -12.2993   -6.7091    0.00493
00067         7725    -9.3811   -6.7062    -9.3801   -6.7060    0.00448
00067         7900    -6.4587   -6.7042    -6.4583   -6.7041    0.00410
00067         8075    -3.5322   -6.7031    -3.5322   -6.7031    0.00407
00067         8250    -0.6002   -6.7028    -0.6005   -6.7029    0.00417
00067         8425     2.3383   -6.7032     2.3376   -6.7032    0.00403
00067         8600     5.2844   -6.7044     5.2833   -6.7043    0.00361
00067         8775     8.2393   -6.7065     8.2376   -6.7062    0.00322
00067         8950    11.2046   -6.7097    11.2022   -6.7093    0.00320
00067         9125    14.1827   -6.7144    14.1794   -6.7139    0.00363
00067         9300    17.1760   -6.7208    17.1721   -6.7203    0.00447
00067         9475    20.1875   -6.7291    20.1830   -6.7286    0.00537
00067         9650    23.2197   -6.7392    23.2151   -6.7388    0.00591
00067         9825    26.2744   -6.7509    26.2701   -6.7508    0.00595
00067        10000    29.3530   -6.7641    29.3491   -6.7643    0.00582
00134         6500   -29.8352  -13.5440   -29.8334  -13.5447    0.00463
00134         6675   -26.8820  -13.5195   -26.8798  -13.5198    0.00498
00134         6850   -23.9369  -13.4972   -23.9344  -13.4972    0.00515
00134         7025   -20.9991  -13.4775   -20.9963  -13.4770    0.00515
00134         7200   -18.0673  -13.4605   -18.0645  -13.4598    0.00503
00134         7375   -15.1399  -13.4467   -15.1374  -13.4457    0.00482
00134         7550   -12.2149  -13.4359   -12.2129  -13.4349    0.00461
00134         7725    -9.2902  -13.4281    -9.2888  -13.4271    0.00436
00134         7900    -6.3638  -13.4228    -6.3630  -13.4219    0.00407
00134         8075    -3.4337  -13.4199    -3.4334  -13.4191    0.00377
00134         8250    -0.4984  -13.4190    -0.4987  -13.4182    0.00349
00134         8425     2.4433  -13.4200     2.4425  -13.4192    0.00328
00134         8600     5.3930  -13.4232     5.3916  -13.4223    0.00318
00134         8775     8.3521  -13.4286     8.3501  -13.4276    0.00328
00134         8950    11.3225  -13.4366    11.3198  -13.4355    0.00367
00134         9125    14.3064  -13.4477    14.3031  -13.4466    0.00435
00134         9300    17.3062  -13.4619    17.3024  -13.4610    0.00506
00134         9475    20.3243  -13.4796    20.3204  -13.4789    0.00553
00134         9650    23.3627  -13.5004    23.3589  -13.5001    0.00562
00134         9825    26.4231  -13.5240    26.4194  -13.5242    0.00554
00134        10000    29.5068  -13.5502    29.5034  -13.5508    0.00568
00168         6500   -29.7922  -16.9488   -29.7905  -16.9497    0.00444
00168         6675   -26.8361  -16.9184   -26.8342  -16.9190    0.00460
00168         6850   -23.8882  -16.8908   -23.8860  -16.8911    0.00485
00168         7025   -20.9471  -16.8662   -20.9447  -16.8660    0.00492
00168         7200   -18.0116  -16.8448   -18.0092  -16.8442    0.00486
00168         7375   -15.0804  -16.8270   -15.0780  -16.8260    0.00469
00168         7550   -12.1515  -16.8128   -12.1496  -16.8115    0.00445
00168         7725    -9.2232  -16.8021    -9.2217  -16.8008    0.00419
00168         7900    -6.2933  -16.7948    -6.2924  -16.7935    0.00393
00168         8075    -3.3602  -16.7906    -3.3598  -16.7893    0.00368
00168         8250    -0.4220  -16.7893    -0.4222  -16.7880    0.00347
00168         8425     2.5227  -16.7909     2.5219  -16.7896    0.00335
00168         8600     5.4755  -16.7954     5.4741  -16.7940    0.00340
00168         8775     8.4382  -16.8030     8.4361  -16.8016    0.00368
00168         8950    11.4125  -16.8140    11.4099  -16.8127    0.00418
00168         9125    14.4008  -16.8288    14.3977  -16.8277    0.00475
00168         9300    17.4052  -16.8475    17.4018  -16.8467    0.00519
00168         9475    20.4278  -16.8700    20.4243  -16.8696    0.00536
00168         9650    23.4704  -16.8961    23.4670  -16.8962    0.00533
00168         9825    26.5346  -16.9256    26.5314  -16.9261    0.00537
00168        10000    29.6222  -16.9583    29.6191  -16.9591    0.00585
00201         6500   -29.7392  -20.3660   -29.7376  -20.3672    0.00490
00201         6675   -26.7795  -20.3298   -26.7779  -20.3307    0.00425
00201         6850   -23.8281  -20.2971   -23.8263  -20.2977    0.00445
00201         7025   -20.8832  -20.2679   -20.8813  -20.2681    0.00461
00201         7200   -17.9437  -20.2424   -17.9416  -20.2420    0.00463
00201         7375   -15.0080  -20.2207   -15.0060  -20.2199    0.00455
00201         7550   -12.0747  -20.2031   -12.0729  -20.2020    0.00439
00201         7725    -9.1419  -20.1896    -9.1405  -20.1883    0.00418
00201         7900    -6.2078  -20.1802    -6.2068  -20.1787    0.00397
00201         8075    -3.2705  -20.1748    -3.2701  -20.1732    0.00379
00201         8250    -0.3283  -20.1731    -0.3286  -20.1715    0.00368
00201         8425     2.6204  -20.1753     2.6196  -20.1737    0.00371
00201         8600     5.5775  -20.1813     5.5761  -20.1797    0.00389
00201         8775     8.5447  -20.1913     8.5428  -20.1898    0.00421
00201         8950    11.5240  -20.2055    11.5216  -20.2042    0.00458
00201         9125    14.5174  -20.2241    14.5147  -20.2232    0.00489
00201         9300    17.5270  -20.2470    17.5240  -20.2466    0.00504
00201         9475    20.5546  -20.2743    20.5516  -20.2743    0.00505
00201         9650    23.6020  -20.3055    23.5991  -20.3060    0.00509
00201         9825    26.6710  -20.3407    26.6681  -20.3416    0.00543
00201        10000    29.7635  -20.3799    29.7608  -20.3812    0.00642
00235         6500   -29.6764  -23.7984   -29.6750  -23.8000    0.00660
00235         6675   -26.7120  -23.7561   -26.7105  -23.7574    0.00459
00235         6850   -23.7562  -23.7184   -23.7547  -23.7194    0.00406
00235         7025   -20.8071  -23.6848   -20.8055  -23.6855    0.00419
00235         7200   -17.8630  -23.6554   -17.8614  -23.6557    0.00431
00235         7375   -14.9225  -23.6304   -14.9209  -23.6302    0.00433
00235         7550   -11.9841  -23.6098   -11.9827  -23.6092    0.00428
00235         7725    -9.0461  -23.5938    -9.0450  -23.5929    0.00419
00235         7900    -6.1069  -23.5826    -6.1061  -23.5814    0.00410
00235         8075    -3.1645  -23.5760    -3.1642  -23.5747    0.00403
00235         8250    -0.2173  -23.5741    -0.2175  -23.5727    0.00402
00235         8425     2.7366  -23.5769     2.7359  -23.5755    0.00410
00235         8600     5.6990  -23.5844     5.6978  -23.5832    0.00425
00235         8775     8.6718  -23.5967     8.6701  -23.5957    0.00443
00235         8950    11.6568  -23.6139    11.6548  -23.6132    0.00459
00235         9125    14.6561  -23.6361    14.6538  -23.6358    0.00469
00235         9300    17.6715  -23.6630    17.6690  -23.6632    0.00473
00235         9475    20.7047  -23.6946    20.7022  -23.6953    0.00482
00235         9650    23.7577  -23.7309    23.7552  -23.7319    0.00514
00235         9825    26.8324  -23.7719    26.8299  -23.7733    0.00600
00235        10000    29.9313  -23.8181    29.9290  -23.8200    0.00757
00269         6500   -29.6044  -27.2493   -29.6037  -27.2518    0.00884
00269         6675   -26.6338  -27.2003   -26.6325  -27.2020    0.00649
00269         6850   -23.6726  -27.1571   -23.6712  -27.1585    0.00459
00269         7025   -20.7183  -27.1192   -20.7169  -27.1203    0.00391
00269         7200   -17.7690  -27.0862   -17.7677  -27.0870    0.00389
00269         7375   -14.8231  -27.0581   -14.8219  -27.0586    0.00398
00269         7550   -11.8791  -27.0350   -11.8780  -27.0351    0.00403
00269         7725    -8.9354  -27.0171    -8.9345  -27.0169    0.00403
00269         7900    -5.9902  -27.0044    -5.9896  -27.0039    0.00403
00269         8075    -3.0418  -26.9970    -3.0416  -26.9964    0.00403
00269         8250    -0.0885  -26.9950    -0.0887  -26.9943    0.00406
00269         8425     2.8716  -26.9984     2.8709  -26.9978    0.00412
00269         8600     5.8402  -27.0074     5.8392  -27.0069    0.00420
00269         8775     8.8194  -27.0217     8.8180  -27.0215    0.00428
00269         8950    11.8109  -27.0416    11.8093  -27.0417    0.00435
00269         9125    14.8167  -27.0669    14.8148  -27.0674    0.00442
00269         9300    17.8384  -27.0976    17.8364  -27.0984    0.00458
00269         9475    20.8781  -27.1336    20.8760  -27.1348    0.00498
00269         9650    23.9378  -27.1751    23.9356  -27.1767    0.00586
00269         9825    27.0197  -27.2225    27.0176  -27.2246    0.00735
00269        10000    30.1271  -27.2769    30.1258  -27.2800    0.00884
00302         6500   -29.5258  -30.7245   -29.5279  -30.7303    0.00879
00302         6675   -26.5458  -30.6660   -26.5452  -30.6688    0.00887
00302         6850   -23.5774  -30.6165   -23.5763  -30.6184    0.00697
00302         7025   -20.6168  -30.5737   -20.6156  -30.5752    0.00508
00302         7200   -17.6614  -30.5369   -17.6602  -30.5382    0.00404
00302         7375   -14.7094  -30.5058   -14.7084  -30.5069    0.00371
00302         7550   -11.7591  -30.4805   -11.7583  -30.4813    0.00369
00302         7725    -8.8089  -30.4608    -8.8083  -30.4615    0.00374
00302         7900    -5.8571  -30.4470    -5.8567  -30.4475    0.00379
00302         8075    -2.9020  -30.4391    -2.9019  -30.4394    0.00383
00302         8250     0.0582  -30.4372     0.0580  -30.4375    0.00387
00302         8425     3.0252  -30.4414     3.0247  -30.4417    0.00393
00302         8600     6.0010  -30.4516     6.0002  -30.4520    0.00399
00302         8775     8.9873  -30.4678     8.9862  -30.4685    0.00408
00302         8950    11.9860  -30.4902    11.9847  -30.4911    0.00422
00302         9125    14.9990  -30.5186    14.9974  -30.5198    0.00450
00302         9300    18.0281  -30.5531    18.0264  -30.5546    0.00506
00302         9475    21.0754  -30.5940    21.0736  -30.5958    0.00608
00302         9650    24.1432  -30.6415    24.1415  -30.6440    0.00752
00302         9825    27.2346  -30.6970    27.2337  -30.7008    0.00876
00302        10000    30.3555  -30.7638    30.3582  -30.7716    0.01175

 Average RMS spot radius =   0.00481
 Maximum RMS spot radius =   0.01175
 Minimum RMS spot radius =   0.00313
