Executing C:\Users\rhb\Documents\ZEMAX\MACROS\SPECTRO_CENTROIDS_INTENSITY_WEIGHTED.ZPL.
                          Chief Ray             Centroid
Fiber   Lambda (?)    Pixel X   Pixel Y    Pixel X   Pixel Y        RMS
-----   ----------   --------  --------   --------  --------   --------
00000         9700    30.3202   -0.0000    30.3192   -0.0000    0.00475
00000         9865    27.3914   -0.0000    27.3891   -0.0000    0.00562
00000        10030    24.4704   -0.0000    24.4672   -0.0000    0.00593
00000        10195    21.5563   -0.0000    21.5530   -0.0000    0.00561
00000        10360    18.6463   -0.0000    18.6434   -0.0000    0.00518
00000        10525    15.7371   -0.0000    15.7348   -0.0000    0.00491
00000        10690    12.8264   -0.0000    12.8246   -0.0000    0.00475
00000        10855     9.9127   -0.0000     9.9112   -0.0000    0.00470
00000        11020     6.9946   -0.0000     6.9936   -0.0000    0.00471
00000        11185     4.0711   -0.0000     4.0706   -0.0000    0.00465
00000        11350     1.1407   -0.0000     1.1407   -0.0000    0.00452
00000        11515    -1.7987   -0.0000    -1.7980   -0.0000    0.00433
00000        11680    -4.7489   -0.0000    -4.7477   -0.0000    0.00408
00000        11845    -7.7121   -0.0000    -7.7103   -0.0000    0.00377
00000        12010   -10.6896   -0.0000   -10.6874   -0.0000    0.00348
00000        12175   -13.6829   -0.0000   -13.6803   -0.0000    0.00344
00000        12340   -16.6935   -0.0000   -16.6903   -0.0000    0.00370
00000        12505   -19.7235   -0.0000   -19.7198   -0.0000    0.00410
00000        12670   -22.7764   -0.0000   -22.7724   -0.0000    0.00451
00000        12835   -25.8562   -0.0000   -25.8526   -0.0000    0.00463
00000        13000   -28.9657   -0.0000   -28.9632   -0.0000    0.00472
00033         9700    30.3118   -3.3945    30.3109   -3.3946    0.00468
00033         9865    27.3827   -3.3880    27.3805   -3.3878    0.00554
00033        10030    24.4612   -3.3822    24.4581   -3.3819    0.00591
00033        10195    21.5465   -3.3773    21.5433   -3.3770    0.00562
00033        10360    18.6361   -3.3734    18.6332   -3.3730    0.00519
00033        10525    15.7266   -3.3701    15.7242   -3.3697    0.00490
00033        10690    12.8156   -3.3674    12.8137   -3.3670    0.00472
00033        10855     9.9015   -3.3651     9.9001   -3.3647    0.00465
00033        11020     6.9832   -3.3633     6.9822   -3.3628    0.00464
00033        11185     4.0593   -3.3621     4.0588   -3.3616    0.00459
00033        11350     1.1284   -3.3615     1.1285   -3.3610    0.00446
00033        11515    -1.8114   -3.3617    -1.8107   -3.3612    0.00427
00033        11680    -4.7621   -3.3626    -4.7609   -3.3621    0.00402
00033        11845    -7.7257   -3.3641    -7.7240   -3.3637    0.00370
00033        12010   -10.7036   -3.3663   -10.7014   -3.3659    0.00345
00033        12175   -13.6972   -3.3689   -13.6946   -3.3685    0.00345
00033        12340   -16.7082   -3.3721   -16.7050   -3.3717    0.00372
00033        12505   -19.7387   -3.3759   -19.7350   -3.3755    0.00412
00033        12670   -22.7923   -3.3806   -22.7883   -3.3803    0.00451
00033        12835   -25.8728   -3.3863   -25.8693   -3.3862    0.00461
00033        13000   -28.9829   -3.3931   -28.9805   -3.3931    0.00473
00067         9700    30.2866   -6.7915    30.2858   -6.7917    0.00448
00067         9865    27.3566   -6.7785    27.3547   -6.7784    0.00532
00067        10030    24.4336   -6.7669    24.4307   -6.7664    0.00582
00067        10195    21.5174   -6.7571    21.5142   -6.7563    0.00565
00067        10360    18.6055   -6.7490    18.6026   -6.7482    0.00522
00067        10525    15.6949   -6.7424    15.6925   -6.7416    0.00489
00067        10690    12.7830   -6.7370    12.7811   -6.7362    0.00468
00067        10855     9.8681   -6.7326     9.8667   -6.7318    0.00454
00067        11020     6.9488   -6.7292     6.9478   -6.7283    0.00446
00067        11185     4.0237   -6.7269     4.0233   -6.7260    0.00439
00067        11350     1.0915   -6.7258     1.0916   -6.7249    0.00427
00067        11515    -1.8496   -6.7262    -1.8490   -6.7253    0.00407
00067        11680    -4.8017   -6.7279    -4.8005   -6.7270    0.00382
00067        11845    -7.7664   -6.7309    -7.7648   -6.7301    0.00356
00067        12010   -10.7454   -6.7350   -10.7433   -6.7343    0.00342
00067        12175   -13.7401   -6.7402   -13.7375   -6.7395    0.00351
00067        12340   -16.7523   -6.7465   -16.7491   -6.7458    0.00379
00067        12505   -19.7844   -6.7543   -19.7808   -6.7536    0.00418
00067        12670   -22.8400   -6.7638   -22.8362   -6.7633    0.00450
00067        12835   -25.9226   -6.7755   -25.9195   -6.7753    0.00454
00067        13000   -29.0345   -6.7890   -29.0324   -6.7892    0.00479
00100         9700    30.2442  -10.1935    30.2437  -10.1939    0.00422
00100         9865    27.3130  -10.1743    27.3115  -10.1742    0.00493
00100        10030    24.3878  -10.1567    24.3853  -10.1561    0.00558
00100        10195    21.4690  -10.1417    21.4660  -10.1407    0.00565
00100        10360    18.5547  -10.1292    18.5518  -10.1281    0.00529
00100        10525    15.6421  -10.1192    15.6396  -10.1180    0.00492
00100        10690    12.7285  -10.1112    12.7266  -10.1100    0.00465
00100        10855     9.8120  -10.1047     9.8106  -10.1035    0.00444
00100        11020     6.8911  -10.0999     6.8901  -10.0987    0.00428
00100        11185     3.9642  -10.0967     3.9638  -10.0955    0.00415
00100        11350     1.0300  -10.0953     1.0300  -10.0941    0.00399
00100        11515    -1.9133  -10.0959    -1.9127  -10.0946    0.00381
00100        11680    -4.8675  -10.0983    -4.8664  -10.0971    0.00361
00100        11845    -7.8342  -10.1026    -7.8326  -10.1014    0.00347
00100        12010   -10.8150  -10.1086   -10.8129  -10.1074    0.00347
00100        12175   -13.8117  -10.1162   -13.8090  -10.1151    0.00363
00100        12340   -16.8261  -10.1258   -16.8229  -10.1247    0.00391
00100        12505   -19.8610  -10.1378   -19.8575  -10.1368    0.00426
00100        12670   -22.9199  -10.1527   -22.9165  -10.1520    0.00445
00100        12835   -26.0060  -10.1705   -26.0033  -10.1704    0.00446
00100        13000   -29.1203  -10.1908   -29.1187  -10.1912    0.00492
00134         9700    30.1840  -13.6028    30.1836  -13.6033    0.00421
00134         9865    27.2517  -13.5778    27.2507  -13.5780    0.00443
00134        10030    24.3240  -13.5545    24.3220  -13.5540    0.00513
00134        10195    21.4017  -13.5339    21.3991  -13.5329    0.00550
00134        10360    18.4839  -13.5168    18.4812  -13.5153    0.00537
00134        10525    15.5682  -13.5029    15.5658  -13.5013    0.00500
00134        10690    12.6520  -13.4920    12.6501  -13.4903    0.00468
00134        10855     9.7331  -13.4835     9.7317  -13.4819    0.00443
00134        11020     6.8098  -13.4773     6.8089  -13.4757    0.00422
00134        11185     3.8805  -13.4734     3.8800  -13.4718    0.00403
00134        11350     0.9435  -13.4718     0.9436  -13.4702    0.00386
00134        11515    -2.0025  -13.4725    -2.0020  -13.4710    0.00370
00134        11680    -4.9595  -13.4757    -4.9584  -13.4741    0.00359
00134        11845    -7.9289  -13.4812    -7.9273  -13.4797    0.00355
00134        12010   -10.9125  -13.4891   -10.9103  -13.4875    0.00361
00134        12175   -13.9121  -13.4995   -13.9094  -13.4980    0.00379
00134        12340   -16.9300  -13.5128   -16.9269  -13.5114    0.00406
00134        12505   -19.9692  -13.5295   -19.9660  -13.5284    0.00429
00134        12670   -23.0327  -13.5501   -23.0299  -13.5496    0.00432
00134        12835   -26.1230  -13.5743   -26.1210  -13.5745    0.00451
00134        13000   -29.2402  -13.6010   -29.2389  -13.6017    0.00507
00168         9700    30.1053  -17.0212    30.1048  -17.0219    0.00535
00168         9865    27.1719  -16.9912    27.1714  -16.9918    0.00398
00168        10030    24.2417  -16.9627    24.2405  -16.9627    0.00450
00168        10195    21.3157  -16.9368    21.3138  -16.9360    0.00506
00168        10360    18.3936  -16.9147    18.3912  -16.9132    0.00528
00168        10525    15.4737  -16.8965    15.4714  -16.8947    0.00511
00168        10690    12.5538  -16.8822    12.5518  -16.8802    0.00480
00168        10855     9.6315  -16.8714     9.6300  -16.8693    0.00451
00168        11020     6.7049  -16.8637     6.7039  -16.8616    0.00428
00168        11185     3.7723  -16.8589     3.7719  -16.8569    0.00409
00168        11350     0.8321  -16.8571     0.8321  -16.8550    0.00393
00168        11515    -2.1174  -16.8581    -2.1169  -16.8561    0.00380
00168        11680    -5.0778  -16.8621    -5.0767  -16.8601    0.00373
00168        11845    -8.0508  -16.8691    -8.0492  -16.8671    0.00372
00168        12010   -11.0382  -16.8793   -11.0360  -16.8774    0.00381
00168        12175   -14.0420  -16.8930   -14.0395  -16.8912    0.00399
00168        12340   -17.0649  -16.9107   -17.0621  -16.9092    0.00416
00168        12505   -20.1096  -16.9328   -20.1070  -16.9320    0.00419
00168        12670   -23.1787  -16.9594   -23.1766  -16.9593    0.00428
00168        12835   -26.2733  -16.9895   -26.2720  -16.9902    0.00474
00168        13000   -29.3932  -17.0218   -29.3922  -17.0228    0.00513
00201         9700    30.0075  -20.4507    30.0066  -20.4512    0.00856
00201         9865    27.0725  -20.4163    27.0720  -20.4171    0.00439
00201        10030    24.1403  -20.3836    24.1396  -20.3841    0.00390
00201        10195    21.2107  -20.3532    21.2095  -20.3530    0.00437
00201        10360    18.2839  -20.3262    18.2822  -20.3253    0.00480
00201        10525    15.3590  -20.3036    15.3571  -20.3020    0.00499
00201        10690    12.4342  -20.2855    12.4324  -20.2834    0.00491
00201        10855     9.5074  -20.2718     9.5059  -20.2694    0.00469
00201        11020     6.5766  -20.2621     6.5756  -20.2597    0.00445
00201        11185     3.6398  -20.2562     3.6393  -20.2538    0.00425
00201        11350     0.6955  -20.2541     0.6955  -20.2516    0.00410
00201        11515    -2.2583  -20.2555    -2.2577  -20.2531    0.00399
00201        11680    -5.2230  -20.2607    -5.2220  -20.2583    0.00395
00201        11845    -8.2006  -20.2697    -8.1991  -20.2674    0.00397
00201        12010   -11.1931  -20.2829   -11.1911  -20.2809    0.00404
00201        12175   -14.2026  -20.3007   -14.2004  -20.2991    0.00409
00201        12340   -17.2317  -20.3234   -17.2295  -20.3224    0.00407
00201        12505   -20.2827  -20.3510   -20.2809  -20.3508    0.00415
00201        12670   -23.3574  -20.3829   -23.3561  -20.3836    0.00453
00201        12835   -26.4560  -20.4179   -26.4550  -20.4190    0.00484
00201        13000   -29.5790  -20.4550   -29.5778  -20.4561    0.00574
00235         9700    29.8916  -23.8941    29.8906  -23.8948    0.01244
00235         9865    26.9526  -23.8543    26.9517  -23.8549    0.00755
00235        10030    24.0180  -23.8183    24.0176  -23.8191    0.00413
00235        10195    21.0854  -23.7847    21.0848  -23.7853    0.00375
00235        10360    18.1542  -23.7542    18.1533  -23.7541    0.00410
00235        10525    15.2239  -23.7276    15.2227  -23.7268    0.00442
00235        10690    12.2935  -23.7058    12.2922  -23.7043    0.00461
00235        10855     9.3611  -23.6890     9.3600  -23.6870    0.00464
00235        11020     6.4249  -23.6770     6.4241  -23.6748    0.00456
00235        11185     3.4830  -23.6698     3.4826  -23.6674    0.00444
00235        11350     0.5334  -23.6673     0.5334  -23.6649    0.00432
00235        11515    -2.4256  -23.6694    -2.4251  -23.6670    0.00422
00235        11680    -5.3958  -23.6761    -5.3949  -23.6739    0.00415
00235        11845    -8.3793  -23.6877    -8.3780  -23.6858    0.00410
00235        12010   -11.3781  -23.7045   -11.3766  -23.7030    0.00404
00235        12175   -14.3945  -23.7266   -14.3929  -23.7258    0.00400
00235        12340   -17.4304  -23.7540   -17.4291  -23.7540    0.00412
00235        12505   -20.4878  -23.7861   -20.4867  -23.7869    0.00443
00235        12670   -23.5675  -23.8219   -23.5666  -23.8231    0.00461
00235        12835   -26.6702  -23.8607   -26.6691  -23.8620    0.00532
00235        13000   -29.7992  -23.9039   -29.7981  -23.9054    0.00759
00269         9700    29.7617  -27.3580    29.7629  -27.3607    0.01219
00269         9865    26.8132  -27.3085    26.8123  -27.3091    0.01204
00269        10030    23.8740  -27.2678    23.8731  -27.2683    0.00774
00269        10195    20.9379  -27.2318    20.9374  -27.2326    0.00438
00269        10360    18.0027  -27.1993    18.0023  -27.1999    0.00361
00269        10525    15.0674  -27.1704    15.0669  -27.1707    0.00381
00269        10690    12.1311  -27.1460    12.1305  -27.1458    0.00402
00269        10855     9.1925  -27.1268     9.1918  -27.1260    0.00416
00269        11020     6.2499  -27.1129     6.2494  -27.1117    0.00422
00269        11185     3.3016  -27.1046     3.3014  -27.1032    0.00422
00269        11350     0.3457  -27.1018     0.3457  -27.1003    0.00417
00269        11515    -2.6199  -27.1046    -2.6195  -27.1032    0.00410
00269        11680    -5.5969  -27.1131    -5.5962  -27.1120    0.00404
00269        11845    -8.5875  -27.1273    -8.5866  -27.1266    0.00400
00269        12010   -11.5936  -27.1473   -11.5926  -27.1471    0.00405
00269        12175   -14.6172  -27.1728   -14.6163  -27.1733    0.00421
00269        12340   -17.6600  -27.2034   -17.6592  -27.2044    0.00434
00269        12505   -20.7232  -27.2382   -20.7223  -27.2395    0.00438
00269        12670   -23.8081  -27.2771   -23.8070  -27.2784    0.00536
00269        12835   -26.9179  -27.3216   -26.9169  -27.3232    0.00748
00269        13000   -30.0602  -27.3767   -30.0614  -27.3806    0.00743
00302         9700    29.6230  -30.8518    29.6284  -30.8592    0.00952
00302         9865    26.6597  -30.7875    26.6611  -30.7909    0.01126
00302        10030    23.7100  -30.7365    23.7093  -30.7374    0.01214
00302        10195    20.7676  -30.6955    20.7667  -30.6959    0.00910
00302        10360    17.8276  -30.6610    17.8270  -30.6615    0.00566
00302        10525    14.8873  -30.6311    14.8869  -30.6319    0.00387
00302        10690    11.9452  -30.6059    11.9450  -30.6066    0.00359
00302        10855     9.0002  -30.5857     8.9999  -30.5862    0.00375
00302        11020     6.0507  -30.5711     6.0505  -30.5714    0.00389
00302        11185     3.0951  -30.5623     3.0951  -30.5625    0.00397
00302        11350     0.1317  -30.5597     0.1318  -30.5598    0.00401
00302        11515    -2.8414  -30.5633    -2.8411  -30.5635    0.00405
00302        11680    -5.8262  -30.5731    -5.8258  -30.5735    0.00409
00302        11845    -8.8246  -30.5890    -8.8241  -30.5898    0.00412
00302        12010   -11.8383  -30.6109   -11.8378  -30.6119    0.00410
00302        12175   -14.8692  -30.6381   -14.8685  -30.6394    0.00406
00302        12340   -17.9186  -30.6706   -17.9178  -30.6718    0.00451
00302        12505   -20.9886  -30.7084   -20.9876  -30.7097    0.00617
00302        12670   -24.0826  -30.7539   -24.0820  -30.7560    0.00763
00302        12835   -27.2072  -30.8117   -27.2089  -30.8167    0.00733
00302        13000   -30.3689  -30.8842   -30.3739  -30.8927    0.01135

 Average RMS spot radius =   0.00479
 Maximum RMS spot radius =   0.01244
 Minimum RMS spot radius =   0.00342
